Starting two phase simplex solver with
A = 
[[ 1.  3.  1.  1.  0.  0.  0.]
 [-3. -1.  1.  0.  1.  0.  0.]
 [ 3.  1.  3.  0.  0.  1.  0.]
 [ 1.  0.  0.  0.  0.  0.  1.]]
b = 
[10. -2.  6.  1.]
Converting all bs to positive, resulting in: 
A = 
[[ 1.  3.  1.  1.  0.  0.  0.]
 [ 3.  1. -1. -0. -1. -0. -0.]
 [ 3.  1.  3.  0.  0.  1.  0.]
 [ 1.  0.  0.  0.  0.  0.  1.]]
b = 
[10.  2.  6.  1.]
Starting preparation
After preparation we have:
A = 
[[ 1.  3.  1.  1.  0.  0.  0.  0.]
 [ 3.  1. -1. -0. -1. -0. -0.  1.]
 [ 3.  1.  3.  0.  0.  1.  0.  0.]
 [ 1.  0.  0.  0.  0.  0.  1.  0.]]
b = 
[10.  2.  6.  1.]
Basic indices: [3, 5, 6, 7]
Artificial indices: [7]
Artificial row indices: [1]
We will now append the sub-problem objective function:
[[ 1.  3.  1.  1.  0.  0.  0.  0. 10.]
 [ 3.  1. -1. -0. -1. -0. -0.  1.  2.]
 [ 3.  1.  3.  0.  0.  1.  0.  0.  6.]
 [ 1.  0.  0.  0.  0.  0.  1.  0.  1.]
 [ 0.  0.  0.  0.  0.  0.  0.  1.  0.]]
Now we do the pivot thingy and get:
[[ 1.  3.  1.  1.  0.  0.  0.  0. 10.]
 [ 3.  1. -1. -0. -1. -0. -0.  1.  2.]
 [ 3.  1.  3.  0.  0.  1.  0.  0.  6.]
 [ 1.  0.  0.  0.  0.  0.  1.  0.  1.]
 [-3. -1.  1.  0.  1.  0.  0.  0. -2.]]
Now we send that to phase one simplex, along with basic indices being: 
[3, 5, 6, 7]
Phase one simplex is good, and it gives us this tableau: 
     0         1         2    3         4    5    6         7         8
0  0.0  2.666667  1.333333  1.0  0.333333  0.0  0.0 -0.333333  9.333333
1  1.0  0.333333 -0.333333 -0.0 -0.333333 -0.0 -0.0  0.333333  0.666667
2  0.0  0.000000  4.000000  0.0  1.000000  1.0  0.0 -1.000000  4.000000
3  0.0 -0.333333  0.333333  0.0  0.333333  0.0  1.0 -0.333333  0.333333
4  0.0  0.000000  0.000000  0.0  0.000000  0.0  0.0  1.000000  0.000000
With last basic indices being: [3, 5, 6, 0]
After removing all kinds of stuff from it we have the following matrix: 
     0         1         2    3         4    5    6         7
0  0.0  2.666667  1.333333  1.0  0.333333  0.0  0.0  9.333333
1  1.0  0.333333 -0.333333 -0.0 -0.333333 -0.0 -0.0  0.666667
2  0.0  0.000000  4.000000  0.0  1.000000  1.0  0.0  4.000000
3  0.0 -0.333333  0.333333  0.0  0.333333  0.0  1.0  0.333333
4  0.0  0.000000  0.000000  0.0  0.000000  0.0  0.0  0.000000
Now we just append our old target function
     0         1         2    3         4    5    6         7
0  0.0  2.666667  1.333333  1.0  0.333333  0.0  0.0  9.333333
1  1.0  0.333333 -0.333333 -0.0 -0.333333 -0.0 -0.0  0.666667
2  0.0  0.000000  4.000000  0.0  1.000000  1.0  0.0  4.000000
3  0.0 -0.333333  0.333333  0.0  0.333333  0.0  1.0  0.333333
4 -3.0 -1.000000 -4.000000 -0.0 -0.000000 -0.0 -0.0  0.000000
This matrix has basic columns: [0, 3, 5, 6] and their rows [1, 0, 2, 3]
We perform the pivoting thingy on it
     0         1         2    3         4    5    6         7
0  0.0  2.666667  1.333333  1.0  0.333333  0.0  0.0  9.333333
1  1.0  0.333333 -0.333333 -0.0 -0.333333 -0.0 -0.0  0.666667
2  0.0  0.000000  4.000000  0.0  1.000000  1.0  0.0  4.000000
3  0.0 -0.333333  0.333333  0.0  0.333333  0.0  1.0  0.333333
4  0.0  0.000000 -5.000000  0.0 -1.000000  0.0  0.0  2.000000
And off to simplex it goes!
Simplex last tableau: 
     0         1    2    3     4         5    6             7
0  0.0  2.666667  0.0  1.0  0.00 -0.333333  0.0  8.000000e+00
1  1.0  0.333333  0.0  0.0 -0.25  0.083333  0.0  1.000000e+00
2  0.0  0.000000  1.0  0.0  0.25  0.250000  0.0  1.000000e+00
3  0.0 -0.333333  0.0  0.0  0.25 -0.083333  1.0  5.551115e-17
4  0.0  0.000000  0.0  0.0  0.25  1.250000  0.0  7.000000e+00
Basics being: [0, 3, 2, 6]
And solution: 
[1.00000000e+00 0.00000000e+00 1.00000000e+00 8.00000000e+00
 0.00000000e+00 0.00000000e+00 5.55111512e-17]
