Starting two phase simplex solver with
A = 
     0    1    2    3    4
0 -8.0  7.0  1.0  0.0  0.0
1  1.0  6.0  0.0  1.0  0.0
2  7.0 -3.0  0.0  0.0  1.0
b = 
[14. 60. 16.]
Converting all bs to positive, resulting in: 
A = 
     0    1    2    3    4
0 -8.0  7.0  1.0  0.0  0.0
1  1.0  6.0  0.0  1.0  0.0
2  7.0 -3.0  0.0  0.0  1.0
b = 
[14. 60. 16.]
Starting preparation
After preparation we have:
A = 
     0    1    2    3    4
0 -8.0  7.0  1.0  0.0  0.0
1  1.0  6.0  0.0  1.0  0.0
2  7.0 -3.0  0.0  0.0  1.0
b = 
[14. 60. 16.]
Basic indices: [2, 3, 4]
Artificial indices: []
Artificial row indices: []
We will now append the sub-problem objective function:
     0    1    2    3    4     5
0 -8.0  7.0  1.0  0.0  0.0  14.0
1  1.0  6.0  0.0  1.0  0.0  60.0
2  7.0 -3.0  0.0  0.0  1.0  16.0
3  0.0  0.0  0.0  0.0  0.0   0.0
Now we eliminate artificial variables from objective function:
     0    1    2    3    4     5
0 -8.0  7.0  1.0  0.0  0.0  14.0
1  1.0  6.0  0.0  1.0  0.0  60.0
2  7.0 -3.0  0.0  0.0  1.0  16.0
3  0.0  0.0  0.0  0.0  0.0   0.0
Now we send that to phase one simplex, along with basic indices being: 
[2, 3, 4]
Phase one simplex is good, and it gives us this tableau: 
     0    1    2    3    4     5
0 -8.0  7.0  1.0  0.0  0.0  14.0
1  1.0  6.0  0.0  1.0  0.0  60.0
2  7.0 -3.0  0.0  0.0  1.0  16.0
3  0.0  0.0  0.0  0.0  0.0   0.0
With last basic indices being: [2 3 4]
Now we send it to cleanup
Starting matrix cleanup
Matrix: 
     0    1    2    3    4     5
0 -8.0  7.0  1.0  0.0  0.0  14.0
1  1.0  6.0  0.0  1.0  0.0  60.0
2  7.0 -3.0  0.0  0.0  1.0  16.0
3  0.0  0.0  0.0  0.0  0.0   0.0
	basic indices: [2 3 4]
	artif indices: []
After removing columns [] we have
Matrix: 
     0    1    2    3    4     5
0 -8.0  7.0  1.0  0.0  0.0  14.0
1  1.0  6.0  0.0  1.0  0.0  60.0
2  7.0 -3.0  0.0  0.0  1.0  16.0
3  0.0  0.0  0.0  0.0  0.0   0.0
	basic indices: [2 3 4]
	artif indices: []
No more artificial, so cleanup is done!
After cleanup our matrix is:
     0    1    2    3    4     5
0 -8.0  7.0  1.0  0.0  0.0  14.0
1  1.0  6.0  0.0  1.0  0.0  60.0
2  7.0 -3.0  0.0  0.0  1.0  16.0
3  0.0  0.0  0.0  0.0  0.0   0.0
Now we just append our old target function
     0    1    2    3    4     5
0 -8.0  7.0  1.0  0.0  0.0  14.0
1  1.0  6.0  0.0  1.0  0.0  60.0
2  7.0 -3.0  0.0  0.0  1.0  16.0
3 -1.0 -1.0  0.0  0.0  0.0   0.0
This matrix has basic columns: [2, 3, 4] and their rows [0, 1, 2]
We eliminate basic variables from objective function:
     0    1    2    3    4     5
0 -8.0  7.0  1.0  0.0  0.0  14.0
1  1.0  6.0  0.0  1.0  0.0  60.0
2  7.0 -3.0  0.0  0.0  1.0  16.0
3 -1.0 -1.0  0.0  0.0  0.0   0.0
And off to simplex it goes!
Simplex last tableau: 
     0             1    2         3         4          5
0  0.0  0.000000e+00  1.0 -0.555556  1.222222   0.222222
1  0.0  1.000000e+00  0.0  0.155556 -0.022222   8.977778
2  1.0  5.551115e-17  0.0  0.066667  0.133333   6.133333
3  0.0  0.000000e+00  0.0  0.222222  0.111111  15.111111
Basics being: [2, 1, 0]
And solution: 
[6.13333333 8.97777778 0.22222222 0.         0.        ]
Starting two phase simplex solver with
A = 
     0             1    2         3         4    5
0  0.0  0.000000e+00  1.0 -0.555556  1.222222  0.0
1  0.0  1.000000e+00  0.0  0.155556 -0.022222  0.0
2  1.0  5.551115e-17  0.0  0.066667  0.133333  0.0
3 -0.0 -0.000000e+00 -0.0 -0.155556 -0.977778  1.0
b = 
[ 0.22222222  8.97777778  6.13333333 -0.97777778]
Converting all bs to positive, resulting in: 
A = 
     0             1    2         3         4    5
0  0.0  0.000000e+00  1.0 -0.555556  1.222222  0.0
1  0.0  1.000000e+00  0.0  0.155556 -0.022222  0.0
2  1.0  5.551115e-17  0.0  0.066667  0.133333  0.0
3  0.0  0.000000e+00  0.0  0.155556  0.977778 -1.0
b = 
[0.22222222 8.97777778 6.13333333 0.97777778]
Starting preparation
After preparation we have:
A = 
     0             1    2         3         4    5    6
0  0.0  0.000000e+00  1.0 -0.555556  1.222222  0.0  0.0
1  0.0  1.000000e+00  0.0  0.155556 -0.022222  0.0  0.0
2  1.0  5.551115e-17  0.0  0.066667  0.133333  0.0  0.0
3  0.0  0.000000e+00  0.0  0.155556  0.977778 -1.0  1.0
b = 
[0.22222222 8.97777778 6.13333333 0.97777778]
Basic indices: [0, 1, 2, 6]
Artificial indices: [6]
Artificial row indices: [3]
We will now append the sub-problem objective function:
     0             1    2         3         4    5    6         7
0  0.0  0.000000e+00  1.0 -0.555556  1.222222  0.0  0.0  0.222222
1  0.0  1.000000e+00  0.0  0.155556 -0.022222  0.0  0.0  8.977778
2  1.0  5.551115e-17  0.0  0.066667  0.133333  0.0  0.0  6.133333
3  0.0  0.000000e+00  0.0  0.155556  0.977778 -1.0  1.0  0.977778
4  0.0  0.000000e+00  0.0  0.000000  0.000000  0.0  1.0  0.000000
Now we eliminate artificial variables from objective function:
     0             1    2         3         4    5    6         7
0  0.0  0.000000e+00  1.0 -0.555556  1.222222  0.0  0.0  0.222222
1  0.0  1.000000e+00  0.0  0.155556 -0.022222  0.0  0.0  8.977778
2  1.0  5.551115e-17  0.0  0.066667  0.133333  0.0  0.0  6.133333
3  0.0  0.000000e+00  0.0  0.155556  0.977778 -1.0  1.0  0.977778
4  0.0  0.000000e+00  0.0 -0.155556 -0.977778  1.0  0.0 -0.977778
Now we send that to phase one simplex, along with basic indices being: 
[0, 1, 2, 6]
Phase one simplex is good, and it gives us this tableau: 
     0             1    2    3         4         5         6         7
0  0.0  0.000000e+00  1.0  0.0  4.714286 -3.571429  3.571429  3.714286
1  0.0  1.000000e+00  0.0  0.0 -1.000000  1.000000 -1.000000  8.000000
2  1.0  5.551115e-17  0.0  0.0 -0.285714  0.428571 -0.428571  5.714286
3  0.0  0.000000e+00  0.0  1.0  6.285714 -6.428571  6.428571  6.285714
4  0.0  0.000000e+00  0.0  0.0  0.000000  0.000000  1.000000  0.000000
With last basic indices being: [0, 1, 2, 3]
Now we send it to cleanup
Starting matrix cleanup
Matrix: 
     0             1    2    3         4         5         6         7
0  0.0  0.000000e+00  1.0  0.0  4.714286 -3.571429  3.571429  3.714286
1  0.0  1.000000e+00  0.0  0.0 -1.000000  1.000000 -1.000000  8.000000
2  1.0  5.551115e-17  0.0  0.0 -0.285714  0.428571 -0.428571  5.714286
3  0.0  0.000000e+00  0.0  1.0  6.285714 -6.428571  6.428571  6.285714
4  0.0  0.000000e+00  0.0  0.0  0.000000  0.000000  1.000000  0.000000
	basic indices: [0, 1, 2, 3]
	artif indices: [6]
		Column 6 is artificial and not basic so we just schedule it for removal.
After removing columns [6] we have
Matrix: 
     0             1    2    3         4         5         6
0  0.0  0.000000e+00  1.0  0.0  4.714286 -3.571429  3.714286
1  0.0  1.000000e+00  0.0  0.0 -1.000000  1.000000  8.000000
2  1.0  5.551115e-17  0.0  0.0 -0.285714  0.428571  5.714286
3  0.0  0.000000e+00  0.0  1.0  6.285714 -6.428571  6.285714
4  0.0  0.000000e+00  0.0  0.0  0.000000  0.000000  0.000000
	basic indices: [0, 1, 2, 3]
	artif indices: []
No more artificial, so cleanup is done!
After cleanup our matrix is:
     0             1    2    3         4         5         6
0  0.0  0.000000e+00  1.0  0.0  4.714286 -3.571429  3.714286
1  0.0  1.000000e+00  0.0  0.0 -1.000000  1.000000  8.000000
2  1.0  5.551115e-17  0.0  0.0 -0.285714  0.428571  5.714286
3  0.0  0.000000e+00  0.0  1.0  6.285714 -6.428571  6.285714
4  0.0  0.000000e+00  0.0  0.0  0.000000  0.000000  0.000000
Now we just append our old target function
     0             1    2         3         4         5         6
0  0.0  0.000000e+00  1.0  0.000000  4.714286 -3.571429  3.714286
1  0.0  1.000000e+00  0.0  0.000000 -1.000000  1.000000  8.000000
2  1.0  5.551115e-17  0.0  0.000000 -0.285714  0.428571  5.714286
3  0.0  0.000000e+00  0.0  1.000000  6.285714 -6.428571  6.285714
4  0.0  0.000000e+00  0.0  0.222222  0.111111  0.000000  0.000000
This matrix has basic columns: [0, 1, 2, 3] and their rows [2, 1, 0, 3]
We eliminate basic variables from objective function:
     0             1    2    3         4         5         6
0  0.0  0.000000e+00  1.0  0.0  4.714286 -3.571429  3.714286
1  0.0  1.000000e+00  0.0  0.0 -1.000000  1.000000  8.000000
2  1.0  5.551115e-17  0.0  0.0 -0.285714  0.428571  5.714286
3  0.0  0.000000e+00  0.0  1.0  6.285714 -6.428571  6.285714
4  0.0  0.000000e+00  0.0  0.0 -1.285714  1.428571 -1.396825
And off to simplex it goes!
Simplex last tableau: 
     0             1         2    3    4         5         6
0  0.0  0.000000e+00  0.212121  0.0  1.0 -0.757576  0.787879
1  0.0  1.000000e+00  0.212121  0.0  0.0  0.242424  8.787879
2  1.0  5.551115e-17  0.060606  0.0  0.0  0.212121  5.939394
3  0.0  0.000000e+00 -1.333333  1.0  0.0 -1.666667  1.333333
4  0.0  0.000000e+00  0.272727  0.0  0.0  0.454545 -0.383838
Basics being: [0, 1, 4, 3]
And solution: 
[5.93939394 8.78787879 0.         1.33333333 0.78787879 0.        ]
Starting two phase simplex solver with
A = 
     0             1         2    3    4         5    6
0  0.0  0.000000e+00  0.212121  0.0  1.0 -0.757576  0.0
1  0.0  1.000000e+00  0.212121  0.0  0.0  0.242424  0.0
2  1.0  5.551115e-17  0.060606  0.0  0.0  0.212121  0.0
3  0.0  0.000000e+00 -1.333333  1.0  0.0 -1.666667  0.0
4 -0.0 -5.551115e-17 -0.060606 -0.0 -0.0 -0.212121  1.0
b = 
[ 0.78787879  8.78787879  5.93939394  1.33333333 -0.93939394]
Converting all bs to positive, resulting in: 
A = 
     0             1         2    3    4         5    6
0  0.0  0.000000e+00  0.212121  0.0  1.0 -0.757576  0.0
1  0.0  1.000000e+00  0.212121  0.0  0.0  0.242424  0.0
2  1.0  5.551115e-17  0.060606  0.0  0.0  0.212121  0.0
3  0.0  0.000000e+00 -1.333333  1.0  0.0 -1.666667  0.0
4  0.0  5.551115e-17  0.060606  0.0  0.0  0.212121 -1.0
b = 
[0.78787879 8.78787879 5.93939394 1.33333333 0.93939394]
Starting preparation
After preparation we have:
A = 
     0             1         2    3    4         5    6    7
0  0.0  0.000000e+00  0.212121  0.0  1.0 -0.757576  0.0  0.0
1  0.0  1.000000e+00  0.212121  0.0  0.0  0.242424  0.0  0.0
2  1.0  5.551115e-17  0.060606  0.0  0.0  0.212121  0.0  0.0
3  0.0  0.000000e+00 -1.333333  1.0  0.0 -1.666667  0.0  0.0
4  0.0  5.551115e-17  0.060606  0.0  0.0  0.212121 -1.0  1.0
b = 
[0.78787879 8.78787879 5.93939394 1.33333333 0.93939394]
Basic indices: [0, 1, 3, 4, 7]
Artificial indices: [7]
Artificial row indices: [4]
We will now append the sub-problem objective function:
     0             1         2    3    4         5    6    7         8
0  0.0  0.000000e+00  0.212121  0.0  1.0 -0.757576  0.0  0.0  0.787879
1  0.0  1.000000e+00  0.212121  0.0  0.0  0.242424  0.0  0.0  8.787879
2  1.0  5.551115e-17  0.060606  0.0  0.0  0.212121  0.0  0.0  5.939394
3  0.0  0.000000e+00 -1.333333  1.0  0.0 -1.666667  0.0  0.0  1.333333
4  0.0  5.551115e-17  0.060606  0.0  0.0  0.212121 -1.0  1.0  0.939394
5  0.0  0.000000e+00  0.000000  0.0  0.0  0.000000  0.0  1.0  0.000000
Now we eliminate artificial variables from objective function:
     0             1         2    3    4         5    6    7         8
0  0.0  0.000000e+00  0.212121  0.0  1.0 -0.757576  0.0  0.0  0.787879
1  0.0  1.000000e+00  0.212121  0.0  0.0  0.242424  0.0  0.0  8.787879
2  1.0  5.551115e-17  0.060606  0.0  0.0  0.212121  0.0  0.0  5.939394
3  0.0  0.000000e+00 -1.333333  1.0  0.0 -1.666667  0.0  0.0  1.333333
4  0.0  5.551115e-17  0.060606  0.0  0.0  0.212121 -1.0  1.0  0.939394
5  0.0 -5.551115e-17 -0.060606  0.0  0.0 -0.212121  1.0  0.0 -0.939394
Now we send that to phase one simplex, along with basic indices being: 
[0, 1, 3, 4, 7]
Phase one simplex is good, and it gives us this tableau: 
     0    1             2    3         4    5          6          7          8
0  0.0  0.0  1.000000e+00  0.0  2.333333  0.0  -8.333333   8.333333   9.666667
1  0.0  1.0  1.619075e-17  0.0 -0.333333  0.0   2.333333  -2.333333   6.333333
2  1.0  0.0  0.000000e+00  0.0  0.000000  0.0   1.000000  -1.000000   5.000000
3  0.0  0.0 -1.040834e-16  1.0  2.000000  0.0 -15.000000  15.000000  17.000000
4  0.0  0.0 -1.619075e-17  0.0 -0.666667  1.0  -2.333333   2.333333   1.666667
5  0.0  0.0  0.000000e+00  0.0  0.000000  0.0   0.000000   1.000000   0.000000
With last basic indices being: [0, 1, 3, 2, 5]
Now we send it to cleanup
Starting matrix cleanup
Matrix: 
     0    1             2    3         4    5          6          7          8
0  0.0  0.0  1.000000e+00  0.0  2.333333  0.0  -8.333333   8.333333   9.666667
1  0.0  1.0  1.619075e-17  0.0 -0.333333  0.0   2.333333  -2.333333   6.333333
2  1.0  0.0  0.000000e+00  0.0  0.000000  0.0   1.000000  -1.000000   5.000000
3  0.0  0.0 -1.040834e-16  1.0  2.000000  0.0 -15.000000  15.000000  17.000000
4  0.0  0.0 -1.619075e-17  0.0 -0.666667  1.0  -2.333333   2.333333   1.666667
5  0.0  0.0  0.000000e+00  0.0  0.000000  0.0   0.000000   1.000000   0.000000
	basic indices: [0, 1, 3, 2, 5]
	artif indices: [7]
		Column 7 is artificial and not basic so we just schedule it for removal.
After removing columns [7] we have
Matrix: 
     0    1             2    3         4    5          6          7
0  0.0  0.0  1.000000e+00  0.0  2.333333  0.0  -8.333333   9.666667
1  0.0  1.0  1.619075e-17  0.0 -0.333333  0.0   2.333333   6.333333
2  1.0  0.0  0.000000e+00  0.0  0.000000  0.0   1.000000   5.000000
3  0.0  0.0 -1.040834e-16  1.0  2.000000  0.0 -15.000000  17.000000
4  0.0  0.0 -1.619075e-17  0.0 -0.666667  1.0  -2.333333   1.666667
5  0.0  0.0  0.000000e+00  0.0  0.000000  0.0   0.000000   0.000000
	basic indices: [0, 1, 3, 2, 5]
	artif indices: []
No more artificial, so cleanup is done!
After cleanup our matrix is:
     0    1             2    3         4    5          6          7
0  0.0  0.0  1.000000e+00  0.0  2.333333  0.0  -8.333333   9.666667
1  0.0  1.0  1.619075e-17  0.0 -0.333333  0.0   2.333333   6.333333
2  1.0  0.0  0.000000e+00  0.0  0.000000  0.0   1.000000   5.000000
3  0.0  0.0 -1.040834e-16  1.0  2.000000  0.0 -15.000000  17.000000
4  0.0  0.0 -1.619075e-17  0.0 -0.666667  1.0  -2.333333   1.666667
5  0.0  0.0  0.000000e+00  0.0  0.000000  0.0   0.000000   0.000000
Now we just append our old target function
     0    1             2    3         4         5          6          7
0  0.0  0.0  1.000000e+00  0.0  2.333333  0.000000  -8.333333   9.666667
1  0.0  1.0  1.619075e-17  0.0 -0.333333  0.000000   2.333333   6.333333
2  1.0  0.0  0.000000e+00  0.0  0.000000  0.000000   1.000000   5.000000
3  0.0  0.0 -1.040834e-16  1.0  2.000000  0.000000 -15.000000  17.000000
4  0.0  0.0 -1.619075e-17  0.0 -0.666667  1.000000  -2.333333   1.666667
5  0.0  0.0  2.727273e-01  0.0  0.000000  0.454545   0.000000   0.000000
This matrix has basic columns: [0, 1, 2, 3, 5] and their rows [2, 1, 0, 3, 4]
We eliminate basic variables from objective function:
     0    1             2    3         4    5          6          7
0  0.0  0.0  1.000000e+00  0.0  2.333333  0.0  -8.333333   9.666667
1  0.0  1.0  1.619075e-17  0.0 -0.333333  0.0   2.333333   6.333333
2  1.0  0.0  0.000000e+00  0.0  0.000000  0.0   1.000000   5.000000
3  0.0  0.0 -1.040834e-16  1.0  2.000000  0.0 -15.000000  17.000000
4  0.0  0.0 -1.619075e-17  0.0 -0.666667  1.0  -2.333333   1.666667
5  0.0  0.0  7.359433e-18  0.0 -0.333333  0.0   3.333333  -3.393939
And off to simplex it goes!
Simplex last tableau: 
     0    1         2    3             4    5         6         7
0  0.0  0.0  0.428571  0.0  1.000000e+00  0.0 -3.571429  4.142857
1  0.0  1.0  0.142857  0.0  0.000000e+00  0.0  1.142857  7.714286
2  1.0  0.0  0.000000  0.0  0.000000e+00  0.0  1.000000  5.000000
3  0.0  0.0 -0.857143  1.0  2.220446e-16  0.0 -7.857143  8.714286
4  0.0  0.0  0.285714  0.0  0.000000e+00  1.0 -4.714286  4.428571
5  0.0  0.0  0.142857  0.0  0.000000e+00  0.0  2.142857 -2.012987
Basics being: [0, 1, 4, 3, 5]
And solution: 
[5.         7.71428571 0.         8.71428571 4.14285714 4.42857143
 0.        ]
Starting two phase simplex solver with
A = 
     0    1         2    3             4    5         6    7
0  0.0  0.0  0.428571  0.0  1.000000e+00  0.0 -3.571429  0.0
1  0.0  1.0  0.142857  0.0  0.000000e+00  0.0  1.142857  0.0
2  1.0  0.0  0.000000  0.0  0.000000e+00  0.0  1.000000  0.0
3  0.0  0.0 -0.857143  1.0  2.220446e-16  0.0 -7.857143  0.0
4  0.0  0.0  0.285714  0.0  0.000000e+00  1.0 -4.714286  0.0
5 -0.0 -0.0 -0.142857 -0.0 -0.000000e+00 -0.0 -0.142857  1.0
b = 
[ 4.14285714  7.71428571  5.          8.71428571  4.42857143 -0.71428571]
Converting all bs to positive, resulting in: 
A = 
     0    1         2    3             4    5         6    7
0  0.0  0.0  0.428571  0.0  1.000000e+00  0.0 -3.571429  0.0
1  0.0  1.0  0.142857  0.0  0.000000e+00  0.0  1.142857  0.0
2  1.0  0.0  0.000000  0.0  0.000000e+00  0.0  1.000000  0.0
3  0.0  0.0 -0.857143  1.0  2.220446e-16  0.0 -7.857143  0.0
4  0.0  0.0  0.285714  0.0  0.000000e+00  1.0 -4.714286  0.0
5  0.0  0.0  0.142857  0.0  0.000000e+00  0.0  0.142857 -1.0
b = 
[4.14285714 7.71428571 5.         8.71428571 4.42857143 0.71428571]
Starting preparation
After preparation we have:
A = 
     0    1         2    3             4    5         6    7    8
0  0.0  0.0  0.428571  0.0  1.000000e+00  0.0 -3.571429  0.0  0.0
1  0.0  1.0  0.142857  0.0  0.000000e+00  0.0  1.142857  0.0  0.0
2  1.0  0.0  0.000000  0.0  0.000000e+00  0.0  1.000000  0.0  0.0
3  0.0  0.0 -0.857143  1.0  2.220446e-16  0.0 -7.857143  0.0  0.0
4  0.0  0.0  0.285714  0.0  0.000000e+00  1.0 -4.714286  0.0  0.0
5  0.0  0.0  0.142857  0.0  0.000000e+00  0.0  0.142857 -1.0  1.0
b = 
[4.14285714 7.71428571 5.         8.71428571 4.42857143 0.71428571]
Basic indices: [0, 1, 3, 4, 5, 8]
Artificial indices: [8]
Artificial row indices: [5]
We will now append the sub-problem objective function:
     0    1         2    3             4    5         6    7    8         9
0  0.0  0.0  0.428571  0.0  1.000000e+00  0.0 -3.571429  0.0  0.0  4.142857
1  0.0  1.0  0.142857  0.0  0.000000e+00  0.0  1.142857  0.0  0.0  7.714286
2  1.0  0.0  0.000000  0.0  0.000000e+00  0.0  1.000000  0.0  0.0  5.000000
3  0.0  0.0 -0.857143  1.0  2.220446e-16  0.0 -7.857143  0.0  0.0  8.714286
4  0.0  0.0  0.285714  0.0  0.000000e+00  1.0 -4.714286  0.0  0.0  4.428571
5  0.0  0.0  0.142857  0.0  0.000000e+00  0.0  0.142857 -1.0  1.0  0.714286
6  0.0  0.0  0.000000  0.0  0.000000e+00  0.0  0.000000  0.0  1.0  0.000000
Now we eliminate artificial variables from objective function:
     0    1         2    3             4    5         6    7    8         9
0  0.0  0.0  0.428571  0.0  1.000000e+00  0.0 -3.571429  0.0  0.0  4.142857
1  0.0  1.0  0.142857  0.0  0.000000e+00  0.0  1.142857  0.0  0.0  7.714286
2  1.0  0.0  0.000000  0.0  0.000000e+00  0.0  1.000000  0.0  0.0  5.000000
3  0.0  0.0 -0.857143  1.0  2.220446e-16  0.0 -7.857143  0.0  0.0  8.714286
4  0.0  0.0  0.285714  0.0  0.000000e+00  1.0 -4.714286  0.0  0.0  4.428571
5  0.0  0.0  0.142857  0.0  0.000000e+00  0.0  0.142857 -1.0  1.0  0.714286
6  0.0  0.0 -0.142857  0.0  0.000000e+00  0.0 -0.142857  1.0  0.0 -0.714286
Now we send that to phase one simplex, along with basic indices being: 
[0, 1, 3, 4, 5, 8]
Phase one simplex is good, and it gives us this tableau: 
     0    1    2    3             4    5    6    7    8     9
0  0.0  0.0  0.0  0.0  1.000000e+00  0.0 -4.0  3.0 -3.0   2.0
1  0.0  1.0  0.0  0.0  0.000000e+00  0.0  1.0  1.0 -1.0   7.0
2  1.0  0.0  0.0  0.0  0.000000e+00  0.0  1.0  0.0  0.0   5.0
3  0.0  0.0  0.0  1.0  2.220446e-16  0.0 -7.0 -6.0  6.0  13.0
4  0.0  0.0  0.0  0.0  0.000000e+00  1.0 -5.0  2.0 -2.0   3.0
5  0.0  0.0  1.0  0.0  0.000000e+00  0.0  1.0 -7.0  7.0   5.0
6  0.0  0.0  0.0  0.0  0.000000e+00  0.0  0.0  0.0  1.0   0.0
With last basic indices being: [0, 1, 3, 4, 5, 2]
Now we send it to cleanup
Starting matrix cleanup
Matrix: 
     0    1    2    3             4    5    6    7    8     9
0  0.0  0.0  0.0  0.0  1.000000e+00  0.0 -4.0  3.0 -3.0   2.0
1  0.0  1.0  0.0  0.0  0.000000e+00  0.0  1.0  1.0 -1.0   7.0
2  1.0  0.0  0.0  0.0  0.000000e+00  0.0  1.0  0.0  0.0   5.0
3  0.0  0.0  0.0  1.0  2.220446e-16  0.0 -7.0 -6.0  6.0  13.0
4  0.0  0.0  0.0  0.0  0.000000e+00  1.0 -5.0  2.0 -2.0   3.0
5  0.0  0.0  1.0  0.0  0.000000e+00  0.0  1.0 -7.0  7.0   5.0
6  0.0  0.0  0.0  0.0  0.000000e+00  0.0  0.0  0.0  1.0   0.0
	basic indices: [0, 1, 3, 4, 5, 2]
	artif indices: [8]
		Column 8 is artificial and not basic so we just schedule it for removal.
After removing columns [8] we have
Matrix: 
     0    1    2    3             4    5    6    7     8
0  0.0  0.0  0.0  0.0  1.000000e+00  0.0 -4.0  3.0   2.0
1  0.0  1.0  0.0  0.0  0.000000e+00  0.0  1.0  1.0   7.0
2  1.0  0.0  0.0  0.0  0.000000e+00  0.0  1.0  0.0   5.0
3  0.0  0.0  0.0  1.0  2.220446e-16  0.0 -7.0 -6.0  13.0
4  0.0  0.0  0.0  0.0  0.000000e+00  1.0 -5.0  2.0   3.0
5  0.0  0.0  1.0  0.0  0.000000e+00  0.0  1.0 -7.0   5.0
6  0.0  0.0  0.0  0.0  0.000000e+00  0.0  0.0  0.0   0.0
	basic indices: [0, 1, 3, 4, 5, 2]
	artif indices: []
No more artificial, so cleanup is done!
After cleanup our matrix is:
     0    1    2    3             4    5    6    7     8
0  0.0  0.0  0.0  0.0  1.000000e+00  0.0 -4.0  3.0   2.0
1  0.0  1.0  0.0  0.0  0.000000e+00  0.0  1.0  1.0   7.0
2  1.0  0.0  0.0  0.0  0.000000e+00  0.0  1.0  0.0   5.0
3  0.0  0.0  0.0  1.0  2.220446e-16  0.0 -7.0 -6.0  13.0
4  0.0  0.0  0.0  0.0  0.000000e+00  1.0 -5.0  2.0   3.0
5  0.0  0.0  1.0  0.0  0.000000e+00  0.0  1.0 -7.0   5.0
6  0.0  0.0  0.0  0.0  0.000000e+00  0.0  0.0  0.0   0.0
Now we just append our old target function
     0    1         2    3             4    5         6    7     8
0  0.0  0.0  0.000000  0.0  1.000000e+00  0.0 -4.000000  3.0   2.0
1  0.0  1.0  0.000000  0.0  0.000000e+00  0.0  1.000000  1.0   7.0
2  1.0  0.0  0.000000  0.0  0.000000e+00  0.0  1.000000  0.0   5.0
3  0.0  0.0  0.000000  1.0  2.220446e-16  0.0 -7.000000 -6.0  13.0
4  0.0  0.0  0.000000  0.0  0.000000e+00  1.0 -5.000000  2.0   3.0
5  0.0  0.0  1.000000  0.0  0.000000e+00  0.0  1.000000 -7.0   5.0
6  0.0  0.0  0.142857  0.0  0.000000e+00  0.0  2.142857  0.0   0.0
This matrix has basic columns: [0, 1, 2, 3, 4, 5] and their rows [2, 1, 5, 3, 0, 4]
We eliminate basic variables from objective function:
     0    1    2    3             4    5    6    7          8
0  0.0  0.0  0.0  0.0  1.000000e+00  0.0 -4.0  3.0   2.000000
1  0.0  1.0  0.0  0.0  0.000000e+00  0.0  1.0  1.0   7.000000
2  1.0  0.0  0.0  0.0  0.000000e+00  0.0  1.0  0.0   5.000000
3  0.0  0.0  0.0  1.0  2.220446e-16  0.0 -7.0 -6.0  13.000000
4  0.0  0.0  0.0  0.0  0.000000e+00  1.0 -5.0  2.0   3.000000
5  0.0  0.0  1.0  0.0  0.000000e+00  0.0  1.0 -7.0   5.000000
6  0.0  0.0  0.0  0.0  0.000000e+00  0.0  2.0  1.0  -0.714286
And off to simplex it goes!
Simplex last tableau: 
     0    1    2    3             4    5    6    7          8
0  0.0  0.0  0.0  0.0  1.000000e+00  0.0 -4.0  3.0   2.000000
1  0.0  1.0  0.0  0.0  0.000000e+00  0.0  1.0  1.0   7.000000
2  1.0  0.0  0.0  0.0  0.000000e+00  0.0  1.0  0.0   5.000000
3  0.0  0.0  0.0  1.0  2.220446e-16  0.0 -7.0 -6.0  13.000000
4  0.0  0.0  0.0  0.0  0.000000e+00  1.0 -5.0  2.0   3.000000
5  0.0  0.0  1.0  0.0  0.000000e+00  0.0  1.0 -7.0   5.000000
6  0.0  0.0  0.0  0.0  0.000000e+00  0.0  2.0  1.0  -0.714286
Basics being: [0 1 2 3 4 5]
And solution: 
[ 5.  7.  5. 13.  2.  3.  0.  0.]
